50
11111111111111111111111111111111111111111111111111
11111111111111111111111111111111111111111111111111
11111111111111111111111111111111111111111111111111
11111111111111111111111111111111111111111111111111
11111111111111111111111111111111111111111111111111
11111111111111111111111111111111111111111111111111
11111111111111111111111111111111111111111111111111
11111111111111111111111111111111111111111111111111
11111111111111111111111111111111111111111111111111
11111111111111111111111111111111111111111111111111
11111111111111111111111111111111111111111111111111
11111111111111111111111111111111111111111111111111
11111111111111111111111111111111111111111111111111
11111111111111111111111111111111111111111111111111
11111111111111111111111111111111111111111111111111
11111111111111111111111111111111111111111111111111
11111111111111111111111111111111111111111111111111
11111111111111111111111111111111111111111111111111
11111111111111111111111111111111111111111111111111
11111111111111111111111111111111111111111111111111
11111111111111111111111111111111111111111111111111
11111111111111111111111111111111111111111111111111
11111111111111111111111111111111111111111111111111
11111111111111111111111111111111111111111111111111
11111111111111111111111111111111111111111111111111
11111111111111111111111111111111111111111111111111
11111111111111111111111111111111111111111111111111
11111111111111111111111111111111111111111111111111
11222222222222222222222111111111111111111111111111
11211111111111111111112111111111111111111111111111
11211111111111111111112111111111111111111111111111
11211111111111111111112111111111111111111111111111
11211111111111111111112111111111111111111111111111
11211111111111111111112111111111111111111111111111
11211111111111111111112111111111111111111111111111
11211111111111111111112111111111111111111111111111
11211111111111111111112111111111111111111111111111
11211111111111111111112111111111111111111111111111
11211111111111111111112111111111111111111111111111
11211111111111111111112111111111111111111111111111
11211111111111111111112111111111111111111111111111
11211111111111111111112111111111111111111111111111
11211111111111111111112111111111111111111111111111
11211111111111111111112111111111111111111111111111
11211111111111111111112111111111111111111111111111
11211111111111111111112111111111111111111111111111
11211111111111111111112111111111111111111111111111
11222222222222222222222111111111111111111111111111
11111111111111111111111111111111111111111111111111
11111111111111111111111111111111111111111111111111
1
0,0
