50
11111211111111111111111111111111111111111111111111
11111211111111111111111111111111111111111111111111
11111211111111111111111111111111111111111111111111
11111211111111111111111111111111111111111111111111
11111211111111111111111111111111111111111111111111
11111211111222222222222222222222222222222222211111
11111211111211111111111111111111111111111111211111
11111211111211111111111111111111111111111111211111
11111211111211111111111111111111111111111111211111
11111211111211111111111111111111111111111111211111
11111211111211111111111111111111111111111111211111
11111211111211111222222222222222222222211111211111
11111211111211111211111111111111111111211111211111
11111211111211111211111111111111111111211111211111
11111211111211111211111111111111111111211111211111
11111211111211111211111111111111111111211111211111
11111211111211111211111111111111111111211111211111
11111211111211111211111222222222211111211111211111
11111211111211111211111111111111211111211111211111
11111211111211111211111111111111211111211111211111
11111211111211111211111111111111211111211111211111
11111211111211111211111111111111211111211111211111
11111211111211111211111111111111211111211111211111
11111211111211111211111111111111211111211111211111
11111211111211111211111111111111211111211111211111
11111211111211111211111111111111211111211111211111
11111211111211111211111111111111211111211111211111
11111211111211111211111111111111211111211111211111
11111211111211111211111111111111211111211111211111
11111211111211111211111111111111211111211111211111
11111211111211111211111111111111211111211111211111
11111211111211111211111111111111211111211111211111
11111211111211111222222222222222211111211111211111
11111211111211111111111111111111111111211111211111
11111211111211111111111111111111111111211111211111
11111211111211111111111111111111111111211111211111
11111211111211111111111111111111111111211111211111
11111211111211111111111111111111111111211111211111
11111211111222222222222222222222222222211111211111
11111211111111111111111111111111111111111111211111
11111211111111111111111111111111111111111111211111
11111211111111111111111111111111111111111111211111
11111211111111111111111111111111111111111111211111
11111211111111111111111111111111111111111111211111
11111222222222222222222222222222222222222222211111
11111111111111111111111111111111111111111111111111
11111111111111111111111111111111111111111111111111
11111111111111111111111111111111111111111111111111
11111111111111111111111111111111111111111111111111
11111111111111111111111111111111111111111111111111
5
0,49
0,48
0,47
1,49
2,49
