50
11111111111111111111111111111111111111111111111111
11111111111111111111111111111111111111111111111111
11111111111111111111111111111111111111111111111111
11111111111111111111111111111111111111111111111111
11111111111111111111111111111111111111111111111111
11111111111111111111111111111111111111111111111111
11111121111111111222222222222222222222222222111111
11111121111111111211111111111111111111111112111111
11111121111111111211111111111111111111111112111111
11111121111111111211111111111111111111111112111111
11111121111111111211111111111111111111111112111111
11111121111111111211111111111111111111111112111111
11111121111111111211111111111111111111111112111111
11111121111111111211111111111111111111111112111111
11111121111111111211111111111111111111111112111111
11111121111111111211111111111111111111111112111111
11111121111111111211111111111111111111111112111111
11111121111111111211111111111111211111111112111111
11111121111111111211111111111111211111111112111111
11111121111111111211111111111111211111111112111111
11111121111111111211111111111111211111111112111111
11111121111111111211111111111111211111111112111111
11111121111111111211111111111111211111111112111111
11111121111111111211111111111111211111111112111111
11111121111111111211111111111111211111111112111111
11111121111111111211111111111111211111111112111111
11111121111111111211111111111111211111111112111111
11111121111111111211111111111111211111111112111111
11111121111111111211111111111111211111111112111111
11111121111111111211111111111111211111111112111111
11111121111111111211111111111111211111111112111111
11111121111111111211111111111111211111111112111111
11111121111111111222222222222222211111111112111111
11111121111111111111111111111111111111111112111111
11111121111111111111111111111111111111111112111111
11111121111111111111111111111111111111111112111111
11111121111111111111111111111111111111111112111111
11111121111111111111111111111111111111111112111111
11111121111111111111111111111111111111111112111111
11111121111111111111111111111111111111111112111111
11111121111111111111111111111111111111111112111111
11111121111111111111111111111111111111111112111111
11111121111111111111111111111111111111111112111111
11111122222222222222222222222222222222222222111111
11111111111111111111111111111111111111111111111111
11111111111111111111111111111111111111111111111111
11111111111111111111111111111111111111111111111111
11111111111111111111111111111111111111111111111111
11111111111111111111111111111111111111111111111111
11111111111111111111111111111111111111111111111111
5
0,0
0,1
0,2
1,0
2,0
