50
11111111111111111111111121111111111111111111111111
11111111111111111111111121111111111111111111111111
11111111111111111111111121111111111111111111111111
11111111111111111111111121111111111111111111111111
11111111111111111111111121111111111111111111111111
11111111111111111111111121111111111111111111111111
11111111111111111111111121111111111111111111111111
11111111111111111111111121111111111111111111111111
11111111111111111111111121111111111111111111111111
11111111111111111111111121111111111111111111111111
11111111111111111111111121111111111111111111111111
11111111111111111111111121111111111111111111111111
11111111111111111111111121111111111111111111111111
11111111111111111111111121111111111111111111111111
11111111111111111111111121111111111111111111111111
11111111111111111111111121111111111111111111111111
11111111111111111111111121111111111111111111111111
11111111111111111111111121111111111111111111111111
11111111111111111111111121111111111111111111111111
11111111111111111111111121111111111111111111111111
11111111111111111111111121111111111111111111111111
11111111111111111111111121111111111111111111111111
11111111111111111111111121111111111111111111111111
12222222222222222222222222222222222222222222222221
11111111111111111111111121111111111111111111111111
11111111111111111111111121111111111111111111111111
11111111111111111111111121111111111111111111111111
11111111111111111111111121111111111111111111111111
11111111111111111111111121111111111111111111111111
11111111111111111111111121111111111111111111111111
11111111111111111111111121111111111111111111111111
11111111111111111111111121111111111111111111111111
11111111111111111111111121111111111111111111111111
11111111111111111111111121111111111111111111111111
11111111111111111111111121111111111111111111111111
11111111111111111111111121111111111111111111111111
11111111111111111111111121111111111111111111111111
11111111111111111111111121111111111111111111111111
11111111111111111111111121111111111111111111111111
11111111111111111111111121111111111111111111111111
11111111111111111111111121111111111111111111111111
11111111111111111111111121111111111111111111111111
11111111111111111111111121111111111111111111111111
11111111111111111111111121111111111111111111111111
11111111111111111111111121111111111111111111111111
11111111111111111111111121111111111111111111111111
11111111111111111111111121111111111111111111111111
11111111111111111111111121111111111111111111111111
11111111111111111111111121111111111111111111111111
11111111111111111111111111111111111111111111111111
5
0,49
1,49
2,49
0,48
0,47
