50
12121212121212121212121212121212121212121212121212
11111111111111111111111111111111111111111111111111
21222222222222222222222222222222222222222222222211
11211121111111111111111111111111111111111111111212
21212122222222222222222222222222222222222222221211
11212111111111111111111111111111111111111111111212
21212111111111111111111111111111111111111111111211
11212111111111111111111111111111111111111111111212
21212111111111111111111111111111111111111111111211
11212111111111111111111111111111111111111111111212
21212111111111111111111111111111111111111111111211
11212111222222211122222211122222222211122222211212
21212111211111111121111211121112111211121111211211
11212111211111111121111211121112111211121222211212
21212111211111111121111111121112111211121111111211
11212111222222211122222211121112111211121111111212
21212111111111111111111111111111111111111111111211
11212111111111111111111111111111111111111111111212
21212111111211121111211121111222222111111111111211
11212111111211121111211121111211112111111111111212
21212111111211121111211121111211112111111111111211
11212111111222221111222221111211112111111111111212
21212111111111121111111121111211112111111111111211
11212111111111121111111121111211112111111111111212
21212121111111121111111121111111112111111111111211
11212121111111121111111121111222222111111111111212
21222121111111111111111111111111111111111111111211
11111121111111111111111111111111111111111111111212
21222121111111111112122222211111111111111111111211
11212121111111111112121111211111111111111111111212
21212121111111111112121121211111111111111111111211
11212121111111111112122221211111111111111111111212
21212121111111111112111111211111111111111111111211
11212121111111111112222222211111111111111111111212
21212121111111111111111111111111111111111111111211
11212121111111111111111111111111111111111111111212
21212121111111111111111111111111111111111111111211
11212121111111111111111111111111111111111111111212
21212121111111111111111111111111111111111111111211
11212121111111111111111111111111111111111111111212
21212121111111111111111111111111111111111111111211
11212122222222222222222222222222222222222222221212
21212121111111111111111111111111111111111111111211
11212122222222222222222222222222222222222222221212
21212111111111111111111111111111111111111111121211
11212122222222222222222222222222222222222222221212
21211121111111111111111111111111111111111111111211
21222222222222222222222222222222222222222222222211
11111111111111111111111111111111111111111111111111
12121212121212121212121212121212121212121212121212
5
0,0
0,49
48,0
49,48
49,25
