50
11111111111111111111111111111111111111111111111111
11111111111111111111111111111111111111111111111111
11111111111111111111111111111111111111111111111111
11111111111111111111111111111111111111111111111111
11111111111111111111111111111111111111111111111111
11111111111111111111111111111111111111111111111111
11111111111111111111111111111111111111111111111111
11111111111111111111111111111111111111111111111111
11111111111111111111111111111111111111111111111111
11111111111111111111111111111111111111111111111111
11111111111111111111111111111111111111111111111111
11111111111111111111111111111111111111111111111111
11111111111111111111111111111111111111111111111111
11111111111111111111111111111111111111111111111111
11111111111111111111111111111111111111111111111111
11111111111111111111111111111111111111111111111111
11111111111111111111111111111111111111111111111111
11211211211211211211211211211211211211211211211211
11211211211211211211211211211211211211211211211211
11211211211211211211211211211211211211211211211211
11211211211211211211211211211211211211211211211211
11211211211211211211211211211211211211211211211211
11211211211211211211211211211211211211211211211211
11211211211211211211211211211211211211211211211211
11211211211211211211211211211211211211211211211211
11211211211211211211211211211211211211211211211211
11211211211211211211211211211211211211211211211211
11211211211211211211211211211211211211211211211211
11211211211211211211211211211211211211211211211211
11211211211211211211211211211211211211211211211211
11211211211211211211211211211211211211211211211211
11211211211211211211211211211211211211211211211211
11211211211211211211211211211211211211211211211211
11211211211211211211211211211211211211211211211211
11211211211211211211211211211211211211211211211211
11211211211211211211211211211211211211211211211211
11211211211211211211211211211211211211211211211211
11211211211211211211211211211211211211211211211211
11211211211211211211211211211211211211211211211211
11211211211211211211211211211211211211211211211211
11211211211211211211211211211211211211211211211211
11211211211211211211211211211211211211211211211211
11211211211211211211211211211211211211211211211211
11211211211211211211211211211211211211211211211211
11211211211211211211211211211211211211211211211211
11211211211211211211211211211211211211211211211211
11211211211211211211211211211211211211211211211211
11211211211211211211211211211211211211211211211211
11211211211211211211211211211211211211211211211211
11211211211211211211211211211211211211211211211211
5
49,0
0,0
39,1
39,19
9,40
