50
11111111111111111111111122222222222222222222222222
11111111111111111111111122222222222222222222222222
11111111111111111111111122222222222222222222222222
11111111111111111111111122222222222222222222222222
11111111111111111111111122222222222222222222222222
11111111111111111111111122222222222222222222222222
11111111111111111111111122222222222222222222222222
11111111111111111111111122222222222222222222222222
11111111111111111111111122222222222222222222222222
11111111111111111111111122222222222222222222222222
11111111111111111111111122222222222222222222222222
11111111111111111111111122222222222222222222222222
11111111111111111111111122222222222222222222222222
11111111111111111111111122222222222222222222222222
11111111111111111111111122222222222222222222222222
11111111111111111111111122222222222222222222222222
11111111111111111111111122222222222222222222222222
11111111111111111111111122222222222222222222222222
11111111111111111111111122222222222222222222222222
11111111111111111111111122222222222222222222222222
11111111111111111111111122222222222222222222222222
11111111111111111111111122222222222222222222222222
11111111111111111111111122222222222222222222222222
11111111111111111111111122222222222222222222222222
11111111111111111111111122222222222222222222222222
11111111111111111111111111111111111111111111111111
11111111111111111111111111111111111111111111111111
11111111111111111111111111111111111111111111111111
11111111111111111111111111111111111111111111111111
11111111111111111111111111111111111111111111111111
11111111111111111111111111111111111111111111111111
11111111111111111111111111111111111111111111111111
11111111111111111111111111111111111111111111111111
11111111111111111111111111111111111111111111111111
11111111111111111111111111111111111111111111111111
11111111111111111111111111111111111111111111111111
11111111111111111111111111111111111111111111111111
11111111111111111111111111111111111111111111111111
11111111111111111111111111111111111111111111111111
11111111111111111111111111111111111111111111111111
11111111111111111111111111111111111111111111111111
11111111111111111111111111111111111111111111111111
11111111111111111111111111111111111111111111111111
11111111111111111111111111111111111111111111111111
11111111111111111111111111111111111111111111111111
11111111111111111111111111111111111111111111111111
11111111111111111111111111111111111111111111111111
11111111111111111111111111111111111111111111111111
11111111111111111111111111111111111111111111111111
11111111111111111111111111111111111111111111111111
5
0,0
1,1
2,2
0,1
0,2
