50
11111111111111111111111111111111111111111111111111
11111111111111111111111111111111111111111111111111
11111111111111111111111111111111111111111111111111
11111111111111111111111111111111111111111111111111
11112222222222222222222222222222222222222222211111
11112111111111111111111111111111111111111111211111
11112111111111111111111111111111111111111111211111
11112111111111111111111111111111111111111111211111
11112111111111111111111111111111111111111111211111
11112111121111111111111111111111111111121111211111
11112111121111111111111111111111111111121111211111
11112111121111111111111111111111111111121111211111
11112111121111111111111111111111111111121111211111
11112111121111111111111111111111111111121111211111
11112111121111222222222222222222222111121111211111
11112111121111211111111111111111112111121111211111
11112111121111211111111111111111112111121111211111
11112111121111211111111111111111112111121111211111
11112111121111211111111111111111112111121111211111
11112111121111211111111111111111112111121111211111
11112111121111211111111111111111112111121111211111
11112111121111211111111111111111112111121111211111
11112111121111211111111111111111112111121111211111
11112111121111211111111111111111112111121111211111
11112111121111211111111111111111112111121111211111
11112111121111211111111111111111112111121111211111
11112111121111211111111111111111112111121111211111
11112111121111211111111111111111112111121111211111
11112111121111211111111111111111112111121111211111
11112111121111211111111111111111112111121111211111
11112111121111211111111111111111112111121111211111
11112111121111211111111111111111112111121111211111
11112111121111211111111111111111112111121111211111
11112111121111211111111111111111112111121111211111
11112111121111211111111111111111112111121111211111
11112111121111111111111111111111111111121111211111
11112111121111111111111111111111111111121111211111
11112111121111111111111111111111111111121111211111
11112111121111111111111111111111111111121111211111
11112111122222222222222222222222222222221111211111
11112111111111111111111111111111111111111111211111
11112111111111111111111111111111111111111111211111
11112111111111111111111111111111111111111111211111
11112111111111111111111111111111111111111111211111
11112111111111111111111111111111111111111111211111
11111111111111111111111111111111111111111111111111
11111111111111111111111111111111111111111111111111
11111111111111111111111111111111111111111111111111
11111111111111111111111111111111111111111111111111
11111111111111111111111111111111111111111111111111
5
0,1
1,0
1,1
0,2
0,3
