50
11111111111122222222222222222222222222111111111111
11111111111122222222222222222222222222111111111111
11111111111122222222222222222222222222111111111111
11111111111122222222222222222222222222111111111111
11111111111122222222222211222222222222111111111111
11111111111122222222222111122222222222111111111111
11111111111122222222211111111222222222111111111111
11111111111122222222211111111222222222111111111111
11111111111122222222111111111122222222111111111111
11111111111122222221111111111112222222111111111111
11111111111122222211111111111111222222111111111111
11111111111122222111111111111111122222111111111111
21111111111112221111111111111111112221111111111112
11111111111122211111111122111111111222111111111111
11111111111122111111111222211111111122111111111111
11111111111121111111112222221111111112111111111111
11111111111111111111122222222111111111111111111111
11111111111111111111222222222211111111111111111111
11111111111111111112222222222221111111111111111111
11111111111111111122222222222222111111111111111111
11111111111111111222222222222222211111111111111111
11111111111111112222222222222222221111111111111111
11111111111111122222222222222222222111111111111111
11111111111111222222222222222222222211111111111111
11111111111112222222222222222222222221111111111111
22211111111111111111111111111111111111111111111222
22111111111211111111111111111111111111211111111122
21111111112211111111111111111111111111221111111112
11111111122211111111111111111111111111222111111111
11111111222211111111111111111111111111222211111111
11111112222211111111111111111111111111222221111111
11111122222211111111111111111111111111222222111111
11111222222211111111111111111111111111222222211111
11112222222211111111111111111111111111222222221111
11122222222211111111111111111111111111222222222111
11222222222211111111111111111111111111222222222211
12222222222211111111111111111111111111222222222221
12222222222221111111111111111111111112222222222221
22222222222211111111111111111111111111222222222222
22222222222211111111111111111111111111222222222222
22222222222211111111111111111111111111222222222222
22222222222211111111111111111111111111222222222222
22222222222111111111111111111111111111122222222222
22222222221111111111111111111111111111112222222222
22222222211111111111111111111111111111111222222222
22222222111111111111111111111111111111111122222222
22222221111111111111111111111111111111111112222222
22222211111111111111111111111111111111111111222222
22222111111111111111111111111111111111111111122222
22221111111111111111111111111111111111111111112222
5
0,48
1,49
1,49
0,47
0,46
