50
11111122111121111112111112122121211111111111111111
11111122111111111111111111111111111111111111111111
11111122111111111111111111111111111111111111111111
11111122111111111111111111111111111111111111111111
11111122111111111111111111111111111111111111111111
11111121111111111111111111111111111111111111111111
11111111111111111111111111111111111111111111111111
11111111111111111111111111111111111111111111111111
11111111111111111111111111111111111111111111111111
11111111111111111111111111111111111111111111111111
11111111111111111111111111111111111111111111111111
11111111111111111111111111111111111111111111111111
11111111111111111111111111111111111111111111111111
11111112121121111112111111221212121111111111111111
11111122111121111112111111111111111111111111111111
11111122111121111112111121212111111111111111111111
11111122111121111112111121221212122112112121222111
11111122111121111112111111111111111111111111111111
11111122111121111111111111111111111111111111111111
11111122111121111111111111111111111111111111111111
11111122111121111111212121211111111111111111111111
11111122111121111112212121212122211221122212111111
11111122111121111212122121221221121221221111111111
11111122111121111111111111111111111111111111111111
11111122111122111112111111111111111111111111111111
11222222222211111112111112111111111111111111111111
11222222222111221121111212112111211222211122111111
11222222221211211121121212121221111111111111111111
11222222212211211122121212112221222111112211111111
11222222122211211121111212112212212211211212221111
11222221222211211121211212112111111111111111111111
11222212222211221121112212111211111111111111111111
11222122222211111111111111111111111111111111111111
11221222222211211121211212112222111222211111111111
11212222222211212121111212112212211111111111111111
11122222222211211121211212111111111111111111111111
12222222222212221121211211111211122221212212111111
12222212222211111111111111111111111111111111111111
11222222222211111112111111111111111111111111111111
11222122222211111112111112111211212111111111111111
11222122222211111112111111111111111111111111111111
11221222222211111112111111111111111111111111111111
11221222222211111112111212111211122111111111111111
11212222222211111111111212112211112112211111111111
11212222222211111111111211111121122212111111111111
11122222222211111111111111111111111111111111111111
11122222222211111111111111111111111111111111111111
11222222222211111111111111111111111111111111111111
11222222222211111221111212112221222111122211112221
11222222222212111112111111111211212112211111111111
5
0,1
1,0
1,1
0,2
0,3
