50
11111111111111111111111111111111111111111111111111
11111111111111111111111111111111111111111111111111
11111111111111111111111111111111111111111111111111
11111111111111111111111111111111111111111111111111
11111111111111111111111222211111111111111111111111
11111111111111111111111222211111111111111111111111
11111111111111111111111222211111111111111111111111
11111111111111111111111222211111111111111111111111
11111111111111111111111222211111111111111111111111
11111111111111111111111222211111111111111111111111
11111111111111111111111222211111111111111111111111
11111111111111111111111222211111111111111111111111
11111111111111111111111222211111111111111111111111
11111111111111111111111222211111111111111111111111
11111111111111111111111222211111111111111111111111
11111111111111111111111222211111111111111111111111
11111111111111111111111222211111111111111111111111
11111111111111111111111222211111111111111111111111
11111111111111111111111222211111111111111111111111
11111111111111111111111222211111111111111111111111
11111111111111111111111222211111111111111111111111
11111111111111111111111222211111111111111111111111
11111111111111111111111222211111111111111111111111
11112222222222222222222222222222222222222222211111
11112222222222222222222222222222222222222222211111
11112222222222222222222222222222222222222222211111
11112222222222222222222222222222222222222222211111
11111111111111111111111222211111111111111111111111
11111111111111111111111222211111111111111111111111
11111111111111111111111222211111111111111111111111
11111111111111111111111222211111111111111111111111
11111111111111111111111222211111111111111111111111
11111111111111111111111222211111111111111111111111
11111111111111111111111222211111111111111111111111
11111111111111111111111222211111111111111111111111
11111111111111111111111222211111111111111111111111
11111111111111111111111222211111111111111111111111
11111111111111111111111222211111111111111111111111
11111111111111111111111222211111111111111111111111
11111111111111111111111222211111111111111111111111
11111111111111111111111222211111111111111111111111
11111111111111111111111222211111111111111111111111
11111111111111111111111222211111111111111111111111
11111111111111111111111222211111111111111111111111
11111111111111111111111222211111111111111111111111
11111111111111111111111111111111111111111111111111
11111111111111111111111111111111111111111111111111
11111111111111111111111111111111111111111111111111
11111111111111111111111111111111111111111111111111
11111111111111111111111111111111111111111111111111
5
0,1
1,0
1,1
0,2
0,3
